100
26972
26147
6141
11671
29272
17759
16928
26847
25220
328
26921
605
2422
29482
32417
16828
2488
4796
8091
1411
28575
21241
9819
12633
26827
28862
10949
17403
26749
3880
7559
20729
17564
15787
27142
23092
6021
17395
19209
17687
29333
20347
15912
26520
11640
24302
16883
26861
24112
1856
19169
29199
17893
28300
6911
27119
15983
6316
26708
14715
29859
24986
32278
21327
31585
16778
17552
31547
858
14019
23502
2425
17314
28993
13582
9643
24313
7180
22246
13718
20953
24662
14388
31649
13631
32343
24010
8460
25145
6121
9943
10224
16948
2274
29716
250
22531
26933
5554
16614
